<?xml version="1.0"?>
<opencv_storage>
<R type_id="opencv-matrix">
  <rows>3</rows>
  <cols>3</cols>
  <dt>d</dt>
  <data>
    9.9799519750305843e-01 6.8573720263967568e-03
    -6.2917105859400982e-02 -4.3149549570073911e-03
    9.9917199396484824e-01 4.0456243523443992e-02 6.3142433628665881e-02
    -4.0103652267602728e-02 9.9719844070789077e-01</data></R>
<T type_id="opencv-matrix">
  <rows>3</rows>
  <cols>1</cols>
  <dt>d</dt>
  <data>
    6.3445586383913472e+01 4.3785839147639982e-01
    -1.6341777688479078e+00</data></T>
<R1 type_id="opencv-matrix">
  <rows>3</rows>
  <cols>3</cols>
  <dt>d</dt>
  <data>
    -9.9598500994482064e-01 -1.4780681153419697e-02
    8.8291513917571313e-02 1.3016002908009404e-02
    -9.9970452047267133e-01 -2.0529379308814322e-02
    8.8568863792613001e-02 -1.9297751453146751e-02
    9.9588310215373066e-01</data></R1>
<R2 type_id="opencv-matrix">
  <rows>3</rows>
  <cols>3</cols>
  <dt>d</dt>
  <data>
    -9.9964465986707796e-01 -6.8988692163518819e-03
    2.5748001918010521e-02 7.4262117107281537e-03
    -9.9976346413132233e-01 2.0441799523664737e-02
    2.5600886290549490e-02 2.0625745845276214e-02 9.9945944051245228e-01</data></R2>
<P1 type_id="opencv-matrix">
  <rows>3</rows>
  <cols>4</cols>
  <dt>d</dt>
  <data>
    4.8230297711104532e+02 0. 2.8531103515625000e+02 0. 0.
    4.8230297711104532e+02 2.4747868537902832e+02 0. 0. 0. 1. 0.</data></P1>
<P2 type_id="opencv-matrix">
  <rows>3</rows>
  <cols>4</cols>
  <dt>d</dt>
  <data>
    4.8230297711104532e+02 0. 2.8531103515625000e+02
    -3.0610872469009471e+04 0. 4.8230297711104532e+02
    2.4747868537902832e+02 0. 0. 0. 1. 0.</data></P2>
<Q type_id="opencv-matrix">
  <rows>4</rows>
  <cols>4</cols>
  <dt>d</dt>
  <data>
    1. 0. 0. -2.8531103515625000e+02 0. 1. 0. -2.4747868537902832e+02 0.
    0. 0. 4.8230297711104532e+02 0. 0. 1.5755936966492221e-02 0.</data></Q>
</opencv_storage>
