<?xml version="1.0"?>
<opencv_storage>
<R type_id="opencv-matrix">
  <rows>3</rows>
  <cols>3</cols>
  <dt>d</dt>
  <data>
    9.9996247090134938e-01 6.9314119374974757e-03 5.1973375319105813e-03
    -7.0898021428931948e-03 9.9949104479418482e-01
    3.1102830768330883e-02 -4.9791057874397429e-03
    -3.1138511601897748e-02 9.9950267713537211e-01</data></R>
<T type_id="opencv-matrix">
  <rows>3</rows>
  <cols>1</cols>
  <dt>d</dt>
  <data>
    6.3537139162763104e+01 -4.2072877690388283e-01
    -3.2474503175624370e+00</data></T>
<R1 type_id="opencv-matrix">
  <rows>3</rows>
  <cols>3</cols>
  <dt>d</dt>
  <data>
    -9.9893810144143280e-01 -1.9020028320131666e-03
    4.6033160589000977e-02 1.1865766175913968e-03
    -9.9987817143928426e-01 -1.5563878538579365e-02
    4.6057154976358733e-02 -1.5492729406404799e-02
    9.9881865912237722e-01</data></R1>
<R2 type_id="opencv-matrix">
  <rows>3</rows>
  <cols>3</cols>
  <dt>d</dt>
  <data>
    -9.9867454588677129e-01 6.6130002979773797e-03
    5.1043311265141299e-02 -5.8249261371872037e-03
    -9.9986177151247968e-01 1.5572671685420914e-02
    5.1139237707923113e-02 1.5254707305764609e-02 9.9857502085304939e-01</data></R2>
<P1 type_id="opencv-matrix">
  <rows>3</rows>
  <cols>4</cols>
  <dt>d</dt>
  <data>
    5.5614448095792989e+02 0. 2.8355954360961914e+02 0. 0.
    5.5614448095792989e+02 2.4460055923461914e+02 0. 0. 0. 1. 0.</data></P1>
<P2 type_id="opencv-matrix">
  <rows>3</rows>
  <cols>4</cols>
  <dt>d</dt>
  <data>
    5.5614448095792989e+02 0. 2.8355954360961914e+02
    -3.5382727462879579e+04 0. 5.5614448095792989e+02
    2.4460055923461914e+02 0. 0. 0. 1. 0.</data></P2>
<Q type_id="opencv-matrix">
  <rows>4</rows>
  <cols>4</cols>
  <dt>d</dt>
  <data>
    1. 0. 0. -2.8355954360961914e+02 0. 1. 0. -2.4460055923461914e+02 0.
    0. 0. 5.5614448095792989e+02 0. 0. 1.5717965256957296e-02 0.</data></Q>
</opencv_storage>
