<?xml version="1.0"?>
<opencv_storage>
<M1 type_id="opencv-matrix">
  <rows>3</rows>
  <cols>3</cols>
  <dt>d</dt>
  <data>
    5.9663951892174953e+02 0. 3.2016571739498227e+02 0.
    5.9642467070332475e+02 2.4399410234100276e+02 0. 0. 1.</data></M1>
<D1 type_id="opencv-matrix">
  <rows>1</rows>
  <cols>14</cols>
  <dt>d</dt>
  <data>
    6.5446978425175911e-02 -2.6271240639591525e-01 0. 0. 0. 0. 0.
    -1.3707245367801377e-01 0. 0. 0. 0. 0. 0.</data></D1>
<M2 type_id="opencv-matrix">
  <rows>3</rows>
  <cols>3</cols>
  <dt>d</dt>
  <data>
    5.9663951892174953e+02 0. 3.1772907205980528e+02 0.
    5.9642467070332475e+02 2.2806101288801469e+02 0. 0. 1.</data></M2>
<D2 type_id="opencv-matrix">
  <rows>1</rows>
  <cols>14</cols>
  <dt>d</dt>
  <data>
    8.2938817775939283e-02 -2.0917238568029201e-01 0. 0. 0. 0. 0.
    1.6234582153231869e-01 0. 0. 0. 0. 0. 0.</data></D2>
</opencv_storage>
