<?xml version="1.0"?>
<opencv_storage>
<M1 type_id="opencv-matrix">
  <rows>3</rows>
  <cols>3</cols>
  <dt>d</dt>
  <data>
    5.9055779741218225e+02 0. 3.1337478294207085e+02 0.
    5.9018057084400937e+02 2.4785730507852207e+02 0. 0. 1.</data></M1>
<D1 type_id="opencv-matrix">
  <rows>1</rows>
  <cols>14</cols>
  <dt>d</dt>
  <data>
    1.3213905768082826e-01 -6.4993626005740246e-01 0. 0. 0. 0. 0.
    -8.1909087076637621e-01 0. 0. 0. 0. 0. 0.</data></D1>
<M2 type_id="opencv-matrix">
  <rows>3</rows>
  <cols>3</cols>
  <dt>d</dt>
  <data>
    5.9055779741218225e+02 0. 3.1353743882521019e+02 0.
    5.9018057084400937e+02 2.2489612321378215e+02 0. 0. 1.</data></M2>
<D2 type_id="opencv-matrix">
  <rows>1</rows>
  <cols>14</cols>
  <dt>d</dt>
  <data>
    7.6785359639896120e-02 -1.2641001338636204e-01 0. 0. 0. 0. 0.
    5.6174134592068181e-01 0. 0. 0. 0. 0. 0.</data></D2>
</opencv_storage>
