<?xml version="1.0"?>
<opencv_storage>
<calibration_Time>"02/23/17 11:01:15"</calibration_Time>
<nrOfFrames>25</nrOfFrames>
<image_Width>640</image_Width>
<image_Height>480</image_Height>
<board_Width>9</board_Width>
<board_Height>6</board_Height>
<square_Size>50.</square_Size>
<FixAspectRatio>1.</FixAspectRatio>
<flagValue>14</flagValue>
<Camera_Matrix type_id="opencv-matrix">
  <rows>3</rows>
  <cols>3</cols>
  <dt>d</dt>
  <data>
    6.0365134960879868e+002 0. 3.1950000000000000e+002 0.
    6.0365134960879868e+002 2.3950000000000000e+002 0. 0. 1.</data></Camera_Matrix>
<Distortion_Coefficients type_id="opencv-matrix">
  <rows>5</rows>
  <cols>1</cols>
  <dt>d</dt>
  <data>
    1.3620936444613685e-001 -5.6430761202863267e-001 0. 0.
    7.2828329509560730e-001</data></Distortion_Coefficients>
<Avg_Reprojection_Error>4.7501349150563987e-001</Avg_Reprojection_Error>
<Per_View_Reprojection_Errors type_id="opencv-matrix">
  <rows>25</rows>
  <cols>1</cols>
  <dt>f</dt>
  <data>
    1.80598632e-001 1.79577619e-001 6.07946455e-001 4.42536503e-001
    4.21958447e-001 7.19503760e-001 3.30238342e-001 3.47668171e-001
    6.59693241e-001 3.26945513e-001 4.45199937e-001 3.15534353e-001
    6.10970736e-001 2.94039130e-001 4.65155661e-001 3.71662587e-001
    7.04554558e-001 6.90554798e-001 6.14039421e-001 4.35017467e-001
    5.98572254e-001 2.65085578e-001 3.50144058e-001 4.15667415e-001
    4.09134895e-001</data></Per_View_Reprojection_Errors>
<Extrinsic_Parameters type_id="opencv-matrix">
  <rows>25</rows>
  <cols>6</cols>
  <dt>d</dt>
  <data>
    1.0285762842301790e-001 7.9662885014200352e-002
    3.1374160960160506e+000 2.4251847524497447e+002
    1.5143213216246301e+002 8.9329538972997545e+002
    1.0420532034933046e-001 8.0318364802978992e-002
    3.1376464648162963e+000 2.4229065504657328e+002
    1.5143102750923535e+002 8.9288125643992794e+002
    1.0996110279331837e+000 -4.8791081003643402e-003
    2.9415653626299449e+000 1.8082887073719922e+002
    1.5272136905932905e+002 7.5237489593075702e+002
    -4.8971614609529268e-001 2.5475946861715375e-002
    3.0987758956677034e+000 2.5856947663564534e+002
    1.5183623522046574e+002 1.0149787328983135e+003
    1.3332620874137394e-001 -4.2005854200637893e-001
    3.0976213037050866e+000 2.7991208523108952e+002
    1.7041605223304239e+002 9.7837321776292401e+002
    -1.9591989855823469e-001 2.7182859265954396e-001
    -1.5723836713886707e+000 1.1848319874903400e+002
    1.9465535763519730e+002 1.0184120737865795e+003
    1.3369379436294540e-001 -4.2314448002400161e-002
    -1.5615611410841459e+000 -2.5931697333286041e+002
    2.0030981471477051e+002 9.4299188719102006e+002
    2.9969884791223084e-001 5.3041148698005157e-002
    3.1262422406117847e+000 2.5423606484456724e+002
    1.5169084620208719e+002 8.8656147004015338e+002
    -4.5701072554490679e-001 2.3778138424534290e-002
    3.1051933826035265e+000 1.0861419666802334e+001
    1.5414104764727466e+002 1.0382615296542185e+003
    1.4852030650906572e-001 -1.8327066454183263e-001
    -3.1268256409642827e+000 8.5813585843677885e+001
    2.1429654471936945e+002 7.4455419969581794e+002
    2.8378648434144271e-001 1.2627599006791901e-001
    3.1264478754820328e+000 1.9503925309712261e+002
    1.8475054358123475e+002 5.6111532210792279e+002
    1.0309243974146232e-001 -4.4193806090966341e-002
    3.1320368465375119e+000 1.9289847477492245e+002
    1.0490731611542326e+002 5.8845661377461010e+002
    -5.0056795331559323e-001 -7.8997694200352422e-002
    3.0758091218686574e+000 2.4471593379474027e+002
    9.0610311280828611e+001 7.9136129427389756e+002
    1.8932379420974335e-001 -6.2464860176436432e-002
    3.1307557671788744e+000 1.1929220228713859e+002
    7.6777990633534202e+001 8.9038548381373550e+002
    1.6398945749789401e-001 3.0699575873977547e-001
    2.8491812928528406e-003 -2.7681733046751975e+002
    -2.6943090327857948e+002 9.7411121546814945e+002
    -5.6854831526303620e-002 -1.8736419069067400e-001
    3.1188328963503675e+000 9.0034607900132400e+001
    4.4905863641190074e+001 9.4289833239770780e+002
    -6.6101346361242974e-001 -1.4361032965346779e-001
    3.0394533199793980e+000 6.5319241202752494e+001
    6.2596533338196032e+001 9.9982361100499350e+002
    -9.9383344354918779e-001 -6.5539338183643839e-002
    2.9599429829504813e+000 7.2586953860912573e+001
    1.1135045954101952e+002 9.3912315354721034e+002
    1.7167700339039130e-001 5.0382563682486843e-002
    -3.1206541815763984e+000 1.6893800279360826e+002
    5.1517958592869121e+001 6.5761048958804804e+002
    -5.7399979020098801e-002 -6.0976325513332381e-002
    3.1154865007695944e+000 1.8455056140942281e+002
    1.0317410264040755e+002 5.6558302480688201e+002
    -8.1122505063879150e-002 4.4943872979302912e-001
    3.0984851758608882e+000 1.8468689327352769e+002
    9.1574848987790588e+001 5.9514326367930767e+002
    -6.6554894259812508e-002 -2.5481454848435675e-001
    -2.8257770223027574e+000 1.5200897132513057e+002
    1.1363515338420203e+002 6.1264738709255175e+002
    7.9493150037109148e-002 2.0502279703468157e-001
    2.8573456066163780e+000 1.0709539774781931e+002
    7.4414525202394204e+000 6.3087511439503430e+002
    -2.8446439607039919e-001 3.9546512905594973e-002
    3.1252398339463450e+000 1.2915812357677726e+002
    1.5293609547691250e+002 9.9271521906078294e+002
    -1.6349272544046809e-002 9.0262271418220130e-002
    3.1372264924680069e+000 8.9016507872877966e+001
    1.5196946793745673e+002 1.2360931438900818e+003</data></Extrinsic_Parameters>
