<?xml version="1.0"?>
<opencv_storage>
<calibration_Time>"02/23/17 10:55:08"</calibration_Time>
<nrOfFrames>25</nrOfFrames>
<image_Width>640</image_Width>
<image_Height>480</image_Height>
<board_Width>9</board_Width>
<board_Height>6</board_Height>
<square_Size>50.</square_Size>
<FixAspectRatio>1.</FixAspectRatio>
<flagValue>14</flagValue>
<Camera_Matrix type_id="opencv-matrix">
  <rows>3</rows>
  <cols>3</cols>
  <dt>d</dt>
  <data>
    5.9670735653193515e+002 0. 3.1950000000000000e+002 0.
    5.9670735653193515e+002 2.3950000000000000e+002 0. 0. 1.</data></Camera_Matrix>
<Distortion_Coefficients type_id="opencv-matrix">
  <rows>5</rows>
  <cols>1</cols>
  <dt>d</dt>
  <data>
    1.7626001747288969e-001 -7.1970748371122717e-001 0. 0.
    9.3087052654363533e-001</data></Distortion_Coefficients>
<Avg_Reprojection_Error>3.0089384071310388e-001</Avg_Reprojection_Error>
<Per_View_Reprojection_Errors type_id="opencv-matrix">
  <rows>25</rows>
  <cols>1</cols>
  <dt>f</dt>
  <data>
    1.88482910e-001 1.83956504e-001 3.77939820e-001 1.80201665e-001
    2.85874575e-001 2.67618328e-001 3.17660928e-001 3.36551577e-001
    3.10680091e-001 4.13459599e-001 3.23237062e-001 2.60306835e-001
    4.13601488e-001 3.38794738e-001 2.95448780e-001 3.43923777e-001
    1.97566986e-001 2.91732043e-001 3.67156893e-001 2.40356833e-001
    1.88096508e-001 2.71018505e-001 3.67178261e-001 2.07507163e-001
    3.41570824e-001</data></Per_View_Reprojection_Errors>
<Extrinsic_Parameters type_id="opencv-matrix">
  <rows>25</rows>
  <cols>6</cols>
  <dt>d</dt>
  <data>
    -2.5075903429187640e-002 -5.6997091506809086e-003
    -3.1247736475388441e+000 3.7859460058815904e+002
    1.5291366889152027e+002 9.2123235843114492e+002
    -1.2246904896924110e-001 5.3734747331828292e-003
    -3.1223547258960824e+000 4.2165027044602175e+002
    1.5397706890336337e+002 8.9781397103344887e+002
    5.0343283757900514e-001 -6.4161720063380201e-001
    3.0143998511571310e+000 2.8336956004308684e+002
    1.8093456407482802e+002 6.7664891916595650e+002
    3.9669723997163636e-001 -1.4888601382724342e-001
    2.8320952714119851e+000 3.1815601164504318e+002
    4.9132696452211377e+001 7.1583601884393522e+002
    -6.3600863542832908e-001 2.2965700817278653e-001
    -2.7457397400284300e+000 2.7590882302414275e+002
    1.2538730486649189e+002 7.5068218066288671e+002
    -3.6618497843183800e-001 -5.5823456862653161e-003
    -3.1017223373256915e+000 4.4888802131379242e+002
    1.5373958428615353e+002 1.0027777996275939e+003
    -2.7192695315896581e-001 -2.4805980041179065e-002
    -3.1124239054449472e+000 2.0969760683144293e+002
    1.5004875887378867e+002 1.0049714884521200e+003
    -2.7614159028939711e-001 -1.7077924981627587e-001
    -3.1091184567142904e+000 1.6265794582495735e+002
    2.8662499234811992e+002 1.0184977192261108e+003
    -3.8227456907457297e-001 -2.2442769552795719e-001
    -3.0993030189373587e+000 1.7129272080726213e+002
    3.1584005830099721e+002 9.1878710211203668e+002
    -3.8765679013394522e-001 4.4598724482122570e-002
    -3.1121119749863206e+000 4.5895630499543330e+001
    1.9471046353120869e+002 6.5164321227130722e+002
    -3.8724729199560637e-001 -2.5500467494271862e-002
    -3.0996214615567750e+000 3.0176564140101851e+002
    1.6220276187150654e+002 6.3863222762343401e+002
    4.7323757900919522e-001 6.6985883958037085e-003
    -3.0928579440246287e+000 2.7075861366540960e+002
    1.5262193652525630e+002 7.6765686965020132e+002
    9.7988636876502311e-001 1.1765869788812595e-002
    -2.9730774022542859e+000 2.1394898529441076e+002
    1.5149631706244963e+002 8.3160925427178017e+002
    3.4820907143383334e-001 5.1088790712595627e-003
    -3.1065945275322004e+000 2.8440533827300908e+002
    1.5448217526749531e+002 6.5933717411612724e+002
    -8.0558448344543754e-001 -5.2623268761478534e-003
    -3.0156984373221807e+000 2.4397952380145338e+002
    1.5380015311421698e+002 6.3469843866934241e+002
    -2.0952651747260151e-001 1.3605128168974001e-001
    -3.1145691257475119e+000 2.9649484697157141e+002
    7.1525408318846374e+001 8.1719236890342563e+002
    7.7319620163171524e-002 3.9875987414462286e-002
    -3.1238301545861873e+000 3.7316932314132407e+002
    1.5432017880124536e+002 9.4659430085228723e+002
    -1.2850841735210650e-001 3.4341656085914402e-001
    -3.1119564444515722e+000 3.4277044000811401e+002
    1.6477646076242499e+002 1.0183276798243046e+003
    4.0738426610863654e-001 -5.9561082310881819e-001
    3.0347685734206040e+000 3.7122699276145818e+002
    1.1104353182517533e+001 1.0187389151041285e+003
    1.0541060562830194e-001 2.5245491645595663e-001
    1.5864885710553329e+000 2.5965269462077225e+002
    -2.3288003398904229e+002 8.8855421314544026e+002
    7.5400852001516472e-002 2.5274293234355766e-001
    1.5884396946363977e+000 2.6508708122589729e+002
    -2.3516927052153338e+002 9.0218447950697794e+002
    6.0607375668944119e-001 -1.1264113293163469e-001
    3.0655218362618255e+000 3.0932421339437383e+002
    1.4901751835398036e+002 8.9926406443447672e+002
    6.5831948153318032e-001 1.1177330204137312e-002
    -3.0597183275723858e+000 3.2223624592144961e+002
    1.5034012217116120e+002 1.0943899907331170e+003
    -2.9231137681044218e-003 3.1085623743979155e-003
    -3.1250011716620811e+000 3.3696354801186038e+002
    1.5297850526904134e+002 9.1219524302343257e+002
    -9.9243269406802448e-001 -9.1722362337442423e-004
    -2.9611261481701816e+000 2.5319363420363624e+002
    1.5345245840848293e+002 6.6492302858019764e+002</data></Extrinsic_Parameters>
